[gd_scene load_steps=2 format=3 uid="uid://c3itpu6mcpoxw"]

[ext_resource type="PackedScene" uid="uid://cgb52i2a2634r" path="res://Models/GLB format/character-skate-boy.glb" id="1_70xuj"]

[node name="character-skate-boy2" instance=ExtResource("1_70xuj")]

[node name="Skeleton3D" parent="." index="0"]
bones/2/rotation = Quaternion(-0.46194, 0.331414, 0.191342, 0.800103)
bones/3/rotation = Quaternion(-0.353553, -0.353553, -0.146447, 0.853553)
bones/5/rotation = Quaternion(-0.0337799, 0.256601, 0.126075, 0.957664)
bones/6/rotation = Quaternion(-0.0337799, -0.256601, -0.126075, 0.957664)
bones/7/rotation = Quaternion(0.0436194, 0, 0, 0.999048)

[node name="leg-left" parent="Skeleton3D" index="0"]
transform = Transform3D(0.707107, -0.612372, 0.353553, 0, 0.5, 0.866025, -0.707107, -0.612372, 0.353553, 0.083571, 0.17625, -0.02875)

[node name="leg-right" parent="Skeleton3D" index="1"]
transform = Transform3D(0.707107, 0.5, -0.5, 0, 0.707107, 0.707107, 0.707107, -0.5, 0.5, -0.083571, 0.17625, -0.02875)

[node name="torso" parent="Skeleton3D" index="2"]
transform = Transform3D(1, 0, 0, 0, 1, 0, 0, 0, 1, -1.44382e-15, 0.17625, -0.02875)

[node name="arm-left" parent="Skeleton3D" index="3"]
transform = Transform3D(0.836522, -0.258811, 0.482957, 0.224139, 0.965928, 0.129401, -0.499992, 2.29478e-06, 0.86603, 0.0998968, 0.28775, -0.01725)

[node name="arm-right" parent="Skeleton3D" index="4"]
transform = Transform3D(0.836522, 0.258811, -0.482957, -0.224139, 0.965928, 0.129401, 0.499992, 2.29478e-06, 0.86603, -0.0998968, 0.28775, -0.01725)

[node name="head" parent="Skeleton3D" index="5"]
transform = Transform3D(1, 0, 0, 0, 0.996195, -0.0871557, 0, 0.0871557, 0.996195, 1.81969e-09, 0.34325, -0.00236122)

[node name="hat" parent="Skeleton3D" index="6"]
transform = Transform3D(1, 0, 0, 0, 0.996195, -0.0871557, 0, 0.0871557, 0.996195, 1.66843e-09, 0.532768, 0.0605152)

[node name="AnimationPlayer" parent="." index="1"]
blend_times = [&"skate-air", &"skate-grab", 0.1, &"skate-grab", &"skate-air", 0.1]
