[gd_scene load_steps=6 format=3 uid="uid://c3itpu6mcpoxw"]

[ext_resource type="PackedScene" uid="uid://cgb52i2a2634r" path="res://models/GLB format/character-skate-boy.glb" id="1_70xuj"]

[sub_resource type="CapsuleShape3D" id="CapsuleShape3D_70xuj"]
radius = 0.0
height = 0.0

[sub_resource type="CapsuleShape3D" id="CapsuleShape3D_65fbn"]
radius = 0.0197167
height = 0.197167

[sub_resource type="CapsuleShape3D" id="CapsuleShape3D_nis8b"]
radius = 0.0150146
height = 0.150146

[sub_resource type="CapsuleShape3D" id="CapsuleShape3D_4xcvv"]
radius = 0.0199676
height = 0.199676

[node name="character-skate-boy2" instance=ExtResource("1_70xuj")]

[node name="Skeleton3D" parent="." index="0"]
bones/2/rotation = Quaternion(-0.46194, 0.331414, 0.191342, 0.800103)
bones/3/rotation = Quaternion(-0.353553, -0.353553, -0.146447, 0.853553)
bones/5/rotation = Quaternion(-0.0337799, 0.256601, 0.126075, 0.957664)
bones/6/rotation = Quaternion(-0.0337799, -0.256601, -0.126075, 0.957664)
bones/7/rotation = Quaternion(0.0436194, 0, 0, 0.999048)

[node name="leg-left" parent="Skeleton3D" index="0"]
transform = Transform3D(0.707107, -0.612372, 0.353553, 0, 0.5, 0.866025, -0.707107, -0.612372, 0.353553, 0.083571, 0.17625, -0.02875)

[node name="leg-right" parent="Skeleton3D" index="1"]
transform = Transform3D(0.707107, 0.5, -0.5, 0, 0.707107, 0.707107, 0.707107, -0.5, 0.5, -0.083571, 0.17625, -0.02875)

[node name="torso" parent="Skeleton3D" index="2"]
transform = Transform3D(1, 0, 0, 0, 1, 0, 0, 0, 1, -1.44382e-15, 0.17625, -0.02875)

[node name="arm-left" parent="Skeleton3D" index="3"]
transform = Transform3D(0.836522, -0.258811, 0.482957, 0.224139, 0.965928, 0.129401, -0.499992, 2.29478e-06, 0.86603, 0.0998968, 0.28775, -0.01725)

[node name="arm-right" parent="Skeleton3D" index="4"]
transform = Transform3D(0.836522, 0.258811, -0.482957, -0.224139, 0.965928, 0.129401, 0.499992, 2.29478e-06, 0.86603, -0.0998968, 0.28775, -0.01725)

[node name="head" parent="Skeleton3D" index="5"]
transform = Transform3D(1, 0, 0, 0, 0.996195, -0.0871557, 0, 0.0871557, 0.996195, 1.81969e-09, 0.34325, -0.00236122)

[node name="hat" parent="Skeleton3D" index="6"]
transform = Transform3D(1, 0, 0, 0, 0.996195, -0.0871557, 0, 0.0871557, 0.996195, 1.66843e-09, 0.532768, 0.0605152)

[node name="PhysicalBoneSimulator3D" type="PhysicalBoneSimulator3D" parent="Skeleton3D" index="7"]

[node name="Physical Bone character-skate-boy" type="PhysicalBone3D" parent="Skeleton3D/PhysicalBoneSimulator3D" index="0"]
bone_name = "character-skate-boy"

[node name="CollisionShape3D" type="CollisionShape3D" parent="Skeleton3D/PhysicalBoneSimulator3D/Physical Bone character-skate-boy" index="0"]
transform = Transform3D(1, 0, 0, 0, 0, 1, 0, -1, 0, 0, 0, 0)
shape = SubResource("CapsuleShape3D_70xuj")

[node name="Physical Bone root" type="PhysicalBone3D" parent="Skeleton3D/PhysicalBoneSimulator3D" index="1"]
transform = Transform3D(0.325307, -0.845292, -0.423859, 0, 0.44824, -0.893913, 0.945608, 0.290797, 0.145816, 0.0417855, 0.088125, -0.014375)
joint_type = 1
joint_offset = Transform3D(1, 0, 0, 0, 1, 0, 0, 0, 1, -1.86265e-09, -4.65661e-10, 0.0985834)
body_offset = Transform3D(0.325307, -0.845292, -0.423859, 0, 0.44824, -0.893913, 0.945608, 0.290797, 0.145816, 0.0417855, 0.088125, -0.014375)
bone_name = "root"
joint_constraints/bias = 0.3
joint_constraints/damping = 1.0
joint_constraints/impulse_clamp = 0.0

[node name="CollisionShape3D" type="CollisionShape3D" parent="Skeleton3D/PhysicalBoneSimulator3D/Physical Bone root" index="0"]
transform = Transform3D(1, 0, 0, 0, 0, 1, 0, -1, 0, 0, 0, 0)
shape = SubResource("CapsuleShape3D_65fbn")

[node name="Physical Bone torso" type="PhysicalBone3D" parent="Skeleton3D/PhysicalBoneSimulator3D" index="2"]
transform = Transform3D(-0.114364, -0.737738, -0.66533, 0, 0.669724, -0.74261, 0.993439, -0.0849275, -0.076592, 0.0499484, 0.232, -0.023)
joint_type = 1
joint_offset = Transform3D(1, 0, 0, 0, 1, 0, 0, 0, 1, -9.31323e-10, 4.06289e-08, 0.075073)
body_offset = Transform3D(-0.114364, -0.737738, -0.66533, 0, 0.669724, -0.74261, 0.993439, -0.0849275, -0.076592, 0.0499484, 0.0557499, 0.00575)
bone_name = "torso"
joint_constraints/bias = 0.3
joint_constraints/damping = 1.0
joint_constraints/impulse_clamp = 0.0

[node name="CollisionShape3D" type="CollisionShape3D" parent="Skeleton3D/PhysicalBoneSimulator3D/Physical Bone torso" index="0"]
transform = Transform3D(1, 0, 0, 0, 0, 1, 0, -1, 0, 0, 0, 0)
shape = SubResource("CapsuleShape3D_nis8b")

[node name="Physical Bone head" type="PhysicalBone3D" parent="Skeleton3D/PhysicalBoneSimulator3D" index="3"]
transform = Transform3D(-1, 3.191e-09, 7.57516e-10, 2.85843e-10, 0.314892, -0.949127, -3.2672e-09, -0.949127, -0.314892, 1.74406e-09, 0.438009, 0.0290773)
joint_type = 1
joint_offset = Transform3D(1, 0, 0, 0, 1, 0, 0, 0, 1, 1.49186e-15, 3.74392e-07, 0.0998377)
body_offset = Transform3D(-1, 3.191e-09, 7.57516e-10, -5.55112e-16, 0.230972, -0.97296, -3.27968e-09, -0.97296, -0.230972, -7.56284e-11, 0.0971381, 0.0230601)
bone_name = "head"
joint_constraints/bias = 0.3
joint_constraints/damping = 1.0
joint_constraints/impulse_clamp = 0.0

[node name="CollisionShape3D" type="CollisionShape3D" parent="Skeleton3D/PhysicalBoneSimulator3D/Physical Bone head" index="0"]
transform = Transform3D(1, 0, 0, 0, 0, 1, 0, -1, 0, 0, 0, 0)
shape = SubResource("CapsuleShape3D_4xcvv")

[node name="AnimationPlayer" parent="." index="1"]
blend_times = [&"fall", &"skate-air", 0.1, &"fall", &"skate-grab", 0.1, &"fall", &"skate-stand", 0.1, &"skate-air", &"skate-grab", 0.1, &"skate-grab", &"skate-air", 0.1]
